saturn03.820.A.AlgaeWatch [microg/l]
3.15
3.35
3.225
3.15
3.4
3.4
3.375
3.45
3.325
3.425
3.45
3.5
3.525
3.725
3.575
3.675
3.625
3.675
3.65
3.75
3.8
3.575
3.65
3.625
3.6
3.675
3.625
3.6
3.525
3.65
3.725
3.6
3.575
3.575
3.6
3.55
3.65
3.725
3.875
3.725
3.65
4.05
4.025
3.9
4.05
3.975
4.025
4.25
4.2
4.1
4.45
4.4
5.375
5.55
4.95
4.95
4.85
5.075
4.975
4.85
4.7
4.675
4.475
4.2
4.275
4.425
3.375
3.325
4.75
4.75
5.2
5.275
5.725
4.9
4.85
4.8
5.025
5.025
4.925
5.025
5.025
5
4.875
4.725
4.825
4.85
4.775
4.7
4.65
4.675
4.75
4.65
4.775
4.7
4.725
4.725
4.675
4.625
4.525
4.5
4.6
4.6
4.475
4.525
4.75
4.725
4.675
4.525
4.475
4.275
4.225
4.2
5.525
5.6
5.925
6.3
6.325
6.375
4.8
4.825
5
4.925
4.75
5.55
5.55
5.65
6.2
6.1
6.325
6.075
5.75
5.6
5.575
5.775
5.775
5.85
5.05
5.025
5.075
5.2
5.05
5.15
5.175
5.45
5.55
5.625
5.475
5.55
5.65
5.5
5.525
5.75
5.725
5.75
5.75
5.725
5.525
5.6
5.5
5.65
5.575
5.7
5.85
5.675
5.675
5.65
5.7
6.075
5.825
5.925
5.75
5.7
5.75
5.6
5.5
5.3
5.175
5.05
5.1
5.025
5.525
5.625
5.5
5.55
5.525
5.125
5.15
5.05
5.225
5.2
5.725
5.675
5.825
5.7
6.05
5.65
5.6
5.5
5.55
5.45
6.5
6.425
5.825
6
5.9
5.8
5.7
5.675
5.775
5.825
5.7
5.65
5.775
5.775
5.75
5.75
5.65
5.725
5.675
5.65
5.675
5.725
5.6
5.65
5.75
5.6
5.65
5.625
5.6
5.65
5.85
5.775
5.775
5.8
5.75
5.7
5.775
5.7
5.675
6.1
5.95
6.075
6.125
6.15
6.175
5.825
5.75
5.925
5.775
5.725
5.775
5.625
5.725
5.7
5.75
5.725
5.8
5.85
5.725
5.425
5.35
5.525
5.425
5.875
5.775
5.7
5.65
5.625
5.6
5.725
5.625
5.6
5.6
5.525
5.5
5.575
5.475
5.425
5.475
5.575
5.475
5.55
5.45
5.3
5.5
5.525
5.35
5.425
5.45
5.525
5.45
5.425
5.525
5.425
5.5
5.55
5.575
5.525
5.475
5.5
5.525
5.575
5.5
5.575
5.55
5.6
5.575
5.575
5.575
5.625
5.6
5.5
5.45
5.3
5.175
5.35
5.2
5.325
5.25
5.15
5.175
5.175
5.1
5.025
5.1
4.95
4.85
4.8
4.775
4.825
4.95
4.875
4.95
4.825
4.775
5
4.925
4.9
4.875
4.875
4.725
4.9
4.925
4.95
5.025
5.05
4.875
4.825
4.825
4.975
4.85
4.9
4.9
4.875
4.725
4.825
4.9
5.025
4.975
5.025
4.95
4.875
5.075
5.075
5.025
5.1
5
4.8
5.2
5.15
5.2
5.05
5.1
5.225
5.15
5.2
5.05
5.175
5.225
5.125
5.1
5.075
5.075
5.025
5.1
5.15
5.025
5
4.925
5.025
4.975
4.975
4.925
4.9
4.975
4.975
4.95
4.925
4.9
4.875
4.95
4.925
4.95
4.975
4.9
4.875
5.05
4.8
4.525
4.375
4.4
4.325
4.2
4.025
3.875
3.95
4.15
4.075
4.075
3.525
3.65
3.475
3.6
3.5
3.475
3.65
3.55
3.475
3.525
3.55
3.475
3.675
3.625
3.65
3.575
3.7
3.65
3.7
3.575
3.65
3.625
3.625
3.7
3.725
3.7
3.65
3.625
3.625
3.625
3.675
3.625
3.575
3.625
3.6
3.825
3.675
3.65
3.75
3.775
3.775
3.85
3.975
3.725
3.9
3.925
3.925
3.9
3.7
3.75
3.875
3.75
3.725
3.675
3.575
3.65
3.55
3.575
3.45
3.45
3.45
3.375
3.525
3.4
3.425
3.65
3.625
3.6
3.6
3.675
3.525
3.575
3.5
3.425
3.25
3.175
3.125
2.875
2.9
2.85
2.875
2.975
2.95
2.75
2.9
2.6
2.775
2.725
2.85
2.8
2.85
2.875
2.825
2.85
2.8
2.825
2.8
2.75
2.7
2.925
2.8
2.8
2.8
2.775
2.725
2.875
2.875
2.85
2.9
2.875
2.825
2.85
2.875
2.85
2.825
2.775
2.975
2.875
2.8
2.9
2.9
2.825
2.975
2.85
2.825
3.3
3.325
3.3
3.45
3.425
3.475
3.575
3.55
3.475
3.45
3.3
3.25
3.625
3.55
3.675
3.85
3.675
3.7
3.7
3.625
3.775
3.65
3.575
3.575
4.1
4
4.125
4.325
4.325
4.225
4.2
4.1
4.1
4.1
4.025
4.025
4.25
4.15
4.125
4.3
4.275
4.3
4.3
4.2
4.175
4.675
4.275
4.175
4.225
4.2
4.05
4.15
4.05
4.225
4.15
4.125
4.075
3.95
3.825
3.875
3.925
3.85
3.825
3.675
3.7
3.55
3.375
3.4
3.35
3.6
3.525
3.475
3.575
3.425
3.425
3.725
3.55
3.55
3.7
3.65
3.6
3.4
3.5
3.475
3.65
3.625
3.325
3.225
3.275
3.125
3.075
3.1
3.075
3.15
3.175
3.15
3.125
3.05
3.075
3.175
3.25
3.025
3.1
3.15
3.2
3.125
3.175
3.175
3.15
3.3
3.125
3.15
3.075
3.05
3.075
3.125
3.2
3.15
3.375
3.275
3.175
3.1
3.15
2.925
3.075
3.05
2.95
3.3
3.275
3.4
3.25
3.125
3.325
3.825
3.5
3.325
3.95
3.75
3.675
4.4
4.15
4.3
4.1
3.775
3.5
4.35
4.525
4.4
4.525
4.375
4.725
4.05
4.075
4.075
3.75
4.05
4.225
4.25
4.225
4.05
4.125
4.05
3.925
3.9
4.125
3.925
3.825
4.05
3.8
3.65
3.925
3.825
3.675
3.75
4
3.75
3.6
3.7
3.875
3.925
3.775
3.65
3.775
3.5
4.275
4
3.875
4.375
4.175
3.95
4.3
4.275
4.25
4.325
4.475
4.55
4.15
4.125
4.425
4.475
4.175
4.225
3.975
3.925
3.95
3.65
3.675
3.675
3.675
3.625
3.675
3.75
3.625
3.575
3.6
3.525
3.75
3.7
3.825
3.725
3.575
4.55
4.55
4.525
4.425
4.525
4.6
3.4
3.375
3.4
3.15
3.15
3.075
3.125
3.075
3.125
3
3
2.925
2.975
2.775
2.9
3.05
3
3.1
3.075
3
3
3.05
3.025
3.15
3.275
3.225
3.125
3.05
3.1
3
2.975
3
2.95
3
3.05
2.975
3
3
3.025
3.05
2.975
2.95
2.95
3.025
3
3.025
3.05
3.025
3.05
3.05
2.975
2.975
2.95
3.125
3.05
2.975
2.95
2.975
2.925
2.95
2.875
2.85
2.975
2.925
2.975
2.95
2.95
2.95
2.9
2.825
3
3
2.8
2.75
2.775
2.75
2.85
2.775
2.75
2.775
2.825
2.75
2.85
2.775
2.775
2.8
2.775
2.8
2.85
2.9
2.825
2.875
2.775
2.825
2.825
2.825
2.85
2.875
2.875
2.875
2.875
2.825
2.825
2.85
2.8
2.875
2.8
2.775
2.725
2.775
2.775
2.8
2.825
2.85
2.75
2.75
2.825
2.8
2.9
2.9
2.85
2.875
2.875
2.875
2.875
2.85
2.825
2.925
2.85
2.9
2.9
2.875
2.85
2.95
2.975
2.975
3.025
2.925
2.95
2.975
2.825
2.875
2.9
2.875
2.975
2.85
2.825
2.925
2.875
2.95
2.875
2.85
2.8
2.85
2.95
2.95
2.975
2.925
3
2.95
2.975
2.95
2.975
2.95
3.1
2.925
2.925
2.95
2.925
3.025
2.975
3.1
2.975
2.975
2.85
3.05
3.05
3.075
3.1
3.1
3.175
3.2
3.1
3.025
2.975
3.05
3.025
3.05
3.05
3.15
3.05
3.05
3.075
3.025
3
2.925
3
2.975
2.95
2.95
2.9
2.95
3
2.925
2.975
2.9
2.875
2.95
2.875
2.875
2.925
2.95
2.875
2.85
3.075
3
2.925
2.925
2.925
2.9
2.925
2.9
2.9
2.875
2.975
2.9
3
2.925
2.925
3.025
3.025
2.975
3.025
2.975
2.925
3.075
3.1
3.325
3.275
3.35
3.25
3.225
3.6
3.375
3.35
3.35
3.225
3.5
3.45
3.425
3.575
3.55
3.425
3.6
3.45
3.4
3.6
3.575
3.575
3.675
3.6
3.525
3.6
3.45
3.4
3.425
3.4
3.375
3.375
3.55
3.45
3.4
3.4
3.525
3.5
3.5
3.525
3.45
3.5
3.55
3.5
3.475
3.65
3.5
3.525
3.525
3.8
3.775
3.75
4.05
4.025
3.975
3.95
3.85
3.725
3.95
3.825
3.75
4.2
4.175
4.075
4.075
3.975
3.95
3.9
3.975
4.025
3.9
3.95
4.5
4.225
4.1
4.2
4.275
4.275
4.525
4.475
4.4
4.725
4.575
4.45
4.525
4
3.9
4.675
4.725
4.65
5.225
5.1
5.4
5.3
5.275
5.325
5.2
5.225
5.3
5.225
5.175
5.075
5.1
5.125
5.1
5.175
5.325
5.15
5.125
5
5.075
5.05
5.175
5.2
4.95
5
5
4.4
4.5
3.9
3.925
4.1
4.075
4.425
4.45
5.225
5.15
5.225
4.85
4.9
4.775
4.45
4.575
4.6
4.625
4.75
4.625
4.675
5.1
4.975
4.85
4.95
4.725
4.8
5.25
5.15
5.075
4.725
4.7
4.675
4.6
4.575
4.675
4.85
4.925
4.925
5.175
5.15
5.05
5.05
5
5
4.975
4.9
5
5
4.95
4.975
5.025
4.95
4.9
4.9
4.975
4.875
4.85
4.85
4.825
4.875
4.825
4.8
4.75
4.575
4.775
4.85
4.85
4.8
5.1
5
5.05
5.2
5.275
5.175
5.175
5.35
5.375
4.95
4.925
4.625
4.7
4.775
4.925
4.95
5.05
5.05
4.925
5.25
5.15
5.025
5.425
5.4
5.525
5.6
5.65
5.325
5.175
4.7
4.7
5.375
5.15
5.45
5.25
5.325
5.375
5.375
5.225
5.325
5.35
5.25
5.175
5.2
5.15
5.2
5.25
5.2
5.175
5.275
5.35
5.275
5.25
5.225
5.175
5.225
5.25
5.25
5.175
5
5.35
5.15
4.825
4.9
5.525
5.5
6.05
5.975
6.7
6.575
6.625
7.275
7.25
6.45
6.55
6.475
6.6
6.45
6.475
6.475
6.325
6.225
6.35
6.3
6.325
6.375
6.325
6.325
6.225
6.45
6.45
6.325
6.4
6.325
6.325
6.325
6.4
6.3
6.275
6.35
6.8
6.125
6
5.925
5.975
5.925
6.15
6.15
6.075
5.925
5.85
5.8
5.725
5.775
5.7
5.575
5.575
5.7
5.775
5.65
5.6
5.7
5.65
5.625
5.575
5.7
5.675
5.675
5.75
5.9
5.7
5.675
5.65
5.725
5.625
5.625
5.575
5.65
5.625
5.6
5.625
5.55
5.675
5.65
5.625
5.375
5.525
5.225
5.275
5.3
5.25
5.05
5.2
5.05
4.9
4.8
4.85
4.625
4.5
4.125
3.95
3.65
3.5
3.65
3.525
3.475
3.525
3.45
3.5
3.525
3.6
3.65
3.425
3.475
3.45
3.525
3.55
3.65
3.6
3.6
3.575
3.65
3.35
3.35
3.4
3.325
3.375
3.3
3.275
3.3
3.375
3.3
3.3
3.3
3.325
3.425
3.375
3.4
3.375
3.35
3.35
3.425
3.475
3.35
3.525
3.4
3.375
3.3
3.45
3.475
3.55
3.55
3.5
3.475
3.5
3.425
3.625
3.55
3.6
3.55
3.65
3.65
4
3.9
3.825
3.95
3.925
3.875
4.025
4.05
4.075
3.975
4.05
4.075
4.175
4.125
4.1
3.925
3.875
3.875
4.025
4.075
3.975
4.2
4.125
4.15
4.025
4.225
4.125
4.025
3.975
3.925
3.775
3.825
3.8
3.825
3.85
3.75
3.675
3.675
3.7
3.75
3.975
3.75
3.75
3.675
3.425
3.375
3.275
3.3
3.275
3.3
3.225
3.375
3.3
3.25
3.2
3.3
3.35
3.175
3.125
3.15
3.15
3.15
3.1
3.225
3.225
3.2
3.15
3.375
3.325
3.2
3.275
3.25
3.25
3.3
3.225
3.3
3.4
3.375
3.45
3.375
3.2
3.1
3.1
3.7
3.75
3.6
3.725
3.725
3.825
4.075
4
4.05
4.575
4.575
4.575
4.45
4.325
4.3
5.075
5.225
5.2
4.775
4.675
4.675
4.7
4.525
4.5
4.95
5.2
5.175
4.825
4.9
4.9
4.425
4.375
4.25
4.25
4.175
4.125
4.1
4.1
4.125
4.625
4.4
4.35
4.425
4.3
4.25
3.975
4.125
4.25
4.1
4.15
3.85
3.85
3.725
3.45
3.6
3.65
3.625
4.125
3.85
3.625
3.425
3.4
3.35
3.525
3.55
3.425
3.675
3.65
3.5
3.725
3.6
3.525
4.2
4.225
4.15
4.15
4.025
4.025
3.7
3.775
3.75
4.15
3.95
3.425
3.525
3.475
3.8
3.675
3.7
3.825
3.75
3.825
4.675
4.475
4.575
5.975
6
6.225
5.75
5.7
5.775
5.2
5.15
5.25
5.325
5.325
5.075
5.375
5.175
5.075
4.8
5
4.875
4.85
5
4.85
4.65
4.825
5.075
4.85
4.3
4.2
4.1
4.525
4.725
4.775
4.225
4.075
4.25
3.975
3.575
3.6
3.675
3.5
2.8
2.725
2.725
2.625
2.675
2.725
2.675
2.625
2.525
2.725
2.7
2.625
3.025
2.85
2.825
2.95
3.2
2.95
3.05
2.925
2.75
2.8
2.8
2.75
2.8
2.75
2.7
2.675
2.675
2.8
2.725
2.725
2.75
2.75
2.775
2.75
2.75
2.8
2.65
2.7
2.675
2.675
2.575
2.625
2.625
2.575
2.55
2.525
2.725
2.525
2.525
2.375
2.35
2.325
2.3
2.2
2.175
2.3
2.325
2.3
2.3
2.325
2.3
2.25
2.325
2.125
2.1
2.075
2.05
2.2
2.1
2.075
2.15
2.025
2.15
1.975
2.025
2.025
2.1
2.05
2.075
2.075
2
2.05
2.075
1.95
1.9
1.95
2
2
1.95
1.9
1.95
1.9
1.9
1.9
1.95
1.875
1.875
1.85
1.875
1.95
1.925
1.95
1.9
1.95
1.925
1.925
2
2.025
2.1
2.1
2.075
2
1.975
1.925
2
2
1.975
1.925
1.975
1.95
2.05
2
2.05
2.075
2.05
2.075
2.025
1.975
2.05
2.125
2.05
2
2.1
2.05
2.05
2.025
1.95
1.95
1.95
1.95
1.95
1.875
1.875
1.95
1.95
1.85
1.775
1.85
1.875
1.875
1.85
1.85
2
2.025
2
1.925
2.025
2.05
1.975
2.1
2
1.975
1.95
1.95
1.975
1.975
2
1.95
2.275
2.25
2.25
2.15
2.375
2.3
2.3
2.15
2.2
2.175
2.3
2.2
2.2
2.175
2.175
2.2
2.2
2.225
2.375
2.3
2.275
2.125
2.25
2.275
2.275
2.225
2.125
2.25
2.175
2.15
2.225
2.25
2.275
2.325
2.2
2.075
2.125
2.35
2.275
2.35
2.25
2.475
2.425
2.4
2.35
2.575
2.525
2.55
2.475
2.65
2.6
2.625
2.65
2.875
2.825
2.7
2.65
2.65
2.725
2.7
2.55
2.575
2.6
2.5
2.525
2.55
2.525
2.525
2.45
2.4
2.5
2.4
2.325
2.325
2.35
2.275
2.15
2.15
2.125
2.225
2.225
2.3
2.25
2.25
2.225
2.2
2.2
2.125
2.225
2.25
2.175
2.325
2.325
2.25
2.225
2.225
2.125
2.2
2.125
2.125
2.1
2.1
2.225
2.25
2.175
2.15
2.2
2.2
2.125
2.175
2.225
1.925
1.975
2.1
2
1.975
2.125
1.875
1.9
1.85
1.9
1.85
1.925
1.9
1.9
1.9
2
1.95
1.9
2
2
1.95
2.05
1.875
1.925
1.825
1.9
1.875
1.85
1.9
1.9
1.9
1.9
1.925
1.95
1.975
2.025
2.175
2.175
2.075
2.15
2.35
2.2
2.075
2.15
2.4
2.4
2.3
2.325
2.925
3.025
3.075
3.075
3.175
3.375
3.45
3.575
3.6
3.025
2.725
2.825
3.2
3.1
2.875
2.825
2.8
2.975
2.875
3.375
3.325
3.325
3.85
3.95
3.875
4.1
4
3.925
4.325
4.325
4.2
4.075
4
3.925
3.8
3.85
3.725
3.675
3.6
3.675
3.65
3.65
3.575
3.6
3.575
3.575
3.625
3.625
3.525
3.525
3.625
3.6
3.575
3.575
3.575
3.65
3.8
3.825
3.75
3.925
3.875
3.825
3.9
3.75
4.375
4.375
4.2
4.525
4.475
4.5
4.7
4.65
4.55
3.875
3.85
3.8
4.95
4.925
5.2
6.35
6.55
6.025
3.8
3.75
3.575
5.675
5.8
5.5
4.025
4.2
4
4.4
4.325
4.5
5.075
5.075
4.75
4.125
4.075
4.1
4.025
4.025
4
3.925
3.925
4.025
3.9
3.925
3.825
3.85
3.825
3.85
3.85
4.575
4.8
4.775
4.825
4.675
4.75
4.625
4.675
4.6
4.6
4.525
4.575
4.55
4.6
4.775
4.9
4.9
4.975
5.125
5.15
5.1
5.05
5.2
5.2
5.125
5.075
5.1
5
5.025
4.95
4.975
5
4.375
4.325
4.375
4.35
4.5
4.225
4.3
4.175
4.2
4.225
4.2
4.2
4.125
4.175
4.275
4.2
4.1
4.1
4.1
4.425
4.45
4.625
4.625
4.725
4.6
4.625
4.7
4.575
4.65
4.65
4.625
4.525
4.6
4.55
4.55
4.525
4.575
4.5
4.425
4.4
4.4
4.125
4.175
4.225
4.8
4.925
4.775
4.775
4.675
4.8
4.9
4.85
4.5
4.45
4.775
4.675
4.8
4.825
4.525
4.575
4.875
4.775
4.85
4.85
4.775
4.9
4.775
4.775
4.8
4.75
4.7
4.7
4.65
4.675
4.75
4.775
4.675
4.725
4.825
4.775
4.725
4.725
4.775
4.75
4.625
4.65
4.7
4.65
4.525
5.3
5.35
5.325
5.7
5.65
5.725
5.65
5.975
5.95
5.95
5.975
5.8
5.7
5.2
5.4
5.725
5.875
5.875
5.725
5.95
5.825
6.425
6.45
6.95
6.825
7.2
7.3
7.925
7.725
7.75
7.875
7.975
8.15
7.75
7.75
8.025
8.025
7.9
7.9
7.925
7.925
7.925
7.85
7.975
8.125
8.1
8.05
7.975
8.125
5.825
5.725
5.9
5.8
5.875
5.775
5.9
5.95
5.925
6
5.9
5.875
5.95
5.775
5.875
5.875
5.8
5.8
5.775
3.55
3.55
3.575
3.475
3.5
3.525
3.45
3.575
3.45
3.475
3.525
3.5
3.475
3.4
3.475
3.525
3.475
3.65
3.575
3.575
3.475
3.525
3.65
3.75
3.925
3.875
3.925
4.1
4.3
4.425
4.25
4.3
4.05
3.975
3.875
3.775
3.725
3.8
3.725
3.75
3.725
3.825
3.725
3.725
3.75
3.625
3.625
3.625
3.7
3.6
3.675
3.75
3.8
3.85
3.725
3.725
3.8
3.775
3.8
3.8
3.875
3.95
3.975
4.425
4.425
4.65
4.675
4.825
4.825
5.1
5.05
5.3
5.375
5.375
5.6
5.675
5.625
5.675
6
5.475
5.525
6.75
6.7
5.85
5.675
5.675
5.95
5.875
6.05
5.85
5.9
6
6.15
5.925
6
5.85
5.925
5.95
5.875
5.9
5.775
6.05
6.15
6
6.375
5.925
5.9
6.15
6.25
6.225
6.225
6.1
5.875
5.675
5.8
5.475
5.375
4.975
4.55
4.525
4.2
4.075
4.25
4.85
4.625
4.45
4.425
4.45
4.425
4.425
4.425
4.425
4.875
4.775
4.175
4.025
3.875
3.875
4.15
4.125
4.175
4.15
3.875
3.75
3.65
3.725
3.775
3.65
3.675
3.625
3.575
3.725
3.65
3.725
3.65
3.525
3.525
3.575
3.55
3.4
3.5
3.525
3.55
3.6
3.5
3.45
3.675
3.75
3.7
3.925
3.925
3.925
3.85
3.825
3.85
3.9
3.75
3.875
3.825
3.975
3.85
4.05
4.025
4.25
4.225
4.15
4.1
4.05
3.975
4.225
4.2
4.1
4.175
4.175
4.175
4.075
4
3.85
3.875
3.9
3.775
3.8
3.775
3.875
3.85
3.875
3.85
3.925
3.875
3.875
3.95
3.825
3.775
3.775
3.85
3.85
3.725
3.7
3.775
3.75
3.675
3.75
3.75
3.85
3.8
3.725
3.725
3.775
4.125
4.075
3.95
3.775
3.975
4.1
4.45
4.425
4.45
4.45
3.75
3.625
3.725
3.725
3.575
3.525
3.475
3.475
3.35
3.4
3.35
3.275
3.25
2.975
2.975
3
2.775
2.775
2.95
2.675
2.625
2.625
3.25
3.125
3.075
3.475
3.625
3.55
3.8
3.75
3.8
3.7
3.7
3.775
3.875
3.8
3.825
3.725
3.775
3.8
3.725
3.8
3.8
3.8
3.775
3.725
3.675
3.725
3.7
3.65
3.75
3.65
3.75
3.675
3.675
3.675
3.65
3.6
3.675
3.65
3.6
4.5
3.85
3.725
3.5
3.55
3.525
3.325
3.325
3.2
3.375
3.3
3.425
3.4
3.45
3.425
3.7
3.525
3.6
3.575
3.5
3.475
3.45
3.25
3.125
3.175
3.3
3.3
3.275
3.25
3.25
3.25
3.3
3.25
3.225
3.35
3.325
3.375
3.45
3.375
3.725
3.5
3.75
3.7
3.9
3.775
3.95
3.825
3.875
3.775
3.8
3.775
3.8
3.775
3.775
3.875
3.85
3.775
3.875
3.85
3.9
3.9
3.925
3.9
3.85
3.775
3.775
3.875
3.875
3.95
3.875
4.025
3.8
4
3.925
3.825
4.025
3.85
3.825
3.725
3.75
4.05
3.95
3.875
3.8
3.8
3.775
4
3.95
4.075
4.025
4.275
4.2
4.4
4.375
4.125
4.075
4.275
4.325
4.425
4.425
4.925
4.8
4.1
4.15
4.125
4.05
3.9
3.925
3.95
4
4.025
3.925
3.975
3.95
4.05
4
4.075
3.925
3.875
4
3.95
3.9
3.925
4.025
3.95
4
3.825
3.575
3.575
4.25
4.275
4.925
4.925
5.45
5.475
5.1
4.275
4.275
5
5.025
5.775
5
4.9
5.1
6.075
6.1
5.025
5
4.65
4.6
5.525
5.575
6.15
5.55
5.25
5.25
5.3
5.275
5.225
5.075
4.95
4.95
4.775
4.7
4.5
4.45
4.525
4.6
4.675
4.6
4.65
4.75
4.625
4.7
4.625
4.625
5.125
5.325
6.175
6.05
5.25
5.7
4.25
4.525
4.875
5.1
5.75
6.1
6.125
6
5.925
5.925
5.75
5.775
5.7
5.625
5.6
5.8
5.65
5.325
5.25
5.275
6.6
5.525
5.45
5.475
5.5
5.5
5.55
5.625
5.55
5.625
5.6
5.625
5.875
5.9
6
6.075
6.125
6.375
6.375
6.475
6.55
6.5
5.825
5.8
5.6
5.425
5.35
5.375
5.225
5.225
5.25
5.25
5.325
5.15
5.45
5.425
5.55
5.65
5.475
5.5
5.675
5.65
5.35
5.325
5.675
5.8
5.95
6.15
6.075
5.6
5.55
5.825
5.9
5.825
5.95
5.875
5.925
5.85
5.85
5.775
5.725
5.6
5.575
5.475
5.55
5.55
5.425
5.4
5.5
5.55
5.425
5.625
5.5
5.6
5.525
5.55
5.525
5.5
5.525
5.375
5.65
5.575
5.5
5.55
5.65
5.5
5.4
5.25
5.25
5.25
5.15
5.075
5.025
4.975
4.875
4.8
4.775
4.825
4.825
4.9
4.875
4.825
4.9
4.9
4.875
4.875
4.875
4.85
4.825
4.875
4.875
4.775
4.825
4.85
4.9
4.875
4.875
4.9
4.9
4.825
4.875
4.875
4.8
4.85
4.85
5
4.825
4.9
4.95
4.975
5
4.875
5.05
4.9
4.95
4.875
5.025
4.925
4.825
4.85
4.95
4.875
5
4.925
5.025
5.075
5
5.125
5.025
5.075
5
4.925
4.9
5.05
4.925
5
5.05
5.1
5.025
4.925
4.975
4.85
5.05
5.15
5.05
5
5
4.925
4.9
4.9
5.1
4.975
4.95
4.95
5.025
5.025
5.05
4.975
4.75
4.6
4.55
4.675
4.6
4.6
4.75
4.825
4.875
4.775
4.675
4.65
4.775
5.125
5.075
5.1
5.025
4.95
5.05
4.9
4.975
4.85
4.9
4.95
4.875
4.725
4.7
4.8
4.75
4.7
4.675
4.7
4.85
4.85
4.8
4.725
4.9
4.7
4.8
4.775
4.95
4.925
4.7
4.8
4.85
4.85
4.8
4.625
4.875
4.925
4.9
4.8
4.775
4.9
4.85
4.675
4.7
4.625
4.775
4.8
4.925
4.85
4.75
4.625
4.55
4.475
4.15
4.2
4.2
4.25
4.2
4.25
4.125
4.025
4.1
4.125
3.925
4.125
3.925
3.925
4
3.975
3.975
3.925
3.825
3.925
3.925
4.025
4.075
4.075
4.15
3.975
4
3.825
3.875
3.85
3.875
3.775
3.925
3.925
3.95
3.95
3.85
3.675
3.75
3.925
3.95
3.975
4
3.875
3.8
3.85
3.975
4
3.95
3.925
3.975
4.15
4.025
3.875
3.975
4.025
3.85
4
3.95
3.875
3.825
3.75
3.8
3.825
3.75
3.775
3.7
3.775
3.65
3.65
3.85
3.575
3.6
3.65
3.65
3.625
3.6
3.65
3.575
3.675
3.5
3.55
3.575
3.55
3.475
3.825
3.9
3.9
4.15
4.175
3.975
3.95
3.85
3.675
3.825
3.9
3.85
3.775
3.8
3.85
3.875
3.95
3.95
3.975
3.825
3.875
3.925
3.9
4
3.875
3.95
3.95
4.025
4.125
4.15
4.05
3.975
3.925
3.875
3.925
3.95
3.975
3.95
4
3.775
3.85
3.75
3.8
3.725
3.625
3.75
3.65
3.575
3.775
3.7
3.775
3.65
3.7
3.55
3.825
3.775
3.825
3.725
3.7
3.7
3.825
3.8
3.8
3.475
3.625
3.45
3.35
3.5
3.225
2.675
2.65
2.5
2.725
2.825
2.7
2.775
2.725
2.75
2.725
2.725
2.65
2.65
2.75
2.675
2.725
2.7
2.85
2.725
2.875
2.875
2.8
2.975
3.025
3.05
3.1
3.225
3.1
3.25
3.375
3.275
3.25
3.25
3.225
3.175
3.25
3.225
3.275
3.25
3.175
3.2
3.35
3.25
3.25
3.275
3.225
3.35
3.3
3.25
3.225
3.35
3.35
3.5
3.55
3.45
4.6
4.55
4.525
4.05
3.975
3.875
4.15
4.125
4.075
4.2
4.175
4.225
5.175
5.375
5.35
6.675
6.45
6.225
5.65
5.55
5.825
5.75
5.2
5.325
5.15
5.2
5.05
4.425
5.375
5.325
4.675
4.725
4.475
4.575
4.7
4.7
4.6
4.9
4.7
5.525
5.525
5.375
4.725
4.725
4.775
4.775
4.65
4.6
4.725
4.625
4.55
4.525
4.375
4.45
4.45
4.55
4.625
4.6
4.5
4.625
5.025
4.825
4.825
4.725
4.625
5.125
5.425
5.175
5.425
5.725
5.55
4.65
4.45
4.4
4.45
4.375
4.3
4.325
4.4
4.275
4.3
4.025
3.975
3.975
3.55
3.5
3.525
3.7
3.7
3.575
3.925
3.775
3.775
3.9
3.925
3.975
3.525
3.65
3.7
4.65
5.15
4.9
5.675
5.7
5.675
5.4
5.325
5.325
4.1
4.05
3.9
4.95
4.825
4.425
4.075
3.925
3.975
3.875
3.8
3.85
3.9
3.8
3.775
3.65
3.625
3.6
3.475
3.4
3.35
3.3
3.275
3.175
3.125
3.125
3.025
3.125
3.15
3.15
3.05
3.025
3.05
3.15
3.175
3.15
3.35
3.25
3.3
3.65
3.3
3.225
3
2.9
3
2.9
2.85
2.8
3.1
3.225
3.325
2.65
2.65
2.55
2.325
2.425
2.5
2.45
2.5
2.45
3
2.975
2.875
2.925
2.925
2.9
2.8
2.8
2.725
2.4
2.3
2.225
2.175
2.25
2.3
2.425
2.4
2.375
2.2
2.075
2.075
2.175
2.2
2.125
2.625
2.625
2.475
1.85
1.875
1.85
1.725
1.75
1.65
1.65
1.75
1.775
1.8
1.775
2.1
1.925
1.875
1.925
1.975
1.925
2.1
2.075
2
1.95
2.05
2.125
2.075
2.325
2.25
2.15
2.35
2.45
2.6
3.425
3.125
2.775
2.6
2.475
2.425
2.35
2.475
2.45
2.375
2.375
2.425
2.4
2.45
2.35
2.375
2.4
2.35
2.325
2.325
2.35
2.4
2.35
2.3
2.375
2.875
2.825
2.625
2.675
2.6
2.875
2.85
2.975
3.325
3.275
3.25
3.275
3.25
3.325
3.3
3.125
2.95
2.85
3.025
2.925
3.2
3.075
3.225
3.225
3.35
3.25
3.775
3.5
3.475
3.5
3.4
3.425
3.4
3.575
3.575
3.65
3.675
3.625
3.55
3.475
3.425
3.5
3.625
3.575
3.675
3.6
3.5
3.6
3.65
3.55
3.45
3.5
3.475
3.5
3.525
3.625
3.65
3.425
3.55
3.475
3.6
4.025
4.025
4.425
3.625
3.625
3.15
3.15
3.125
3.175
3.525
3.275
2.95
2.95
3.05
3.1
3.525
3.45
3.425
3.5
3.325
3.25
4.15
4.225
4.175
4.275
4.3
4.25
4.35
5.675
5.7
5.05
5.025
4.825
4.95
5.05
5.2
5.475
5.3
5.55
5.8
5.5
5.65
5.95
5.875
6.15
6.15
6.525
6.325
6.075
6.125
6.15
5.975
5.525
3.7
3.825
3.9
4.075
5.375
5.425
5.375
5.525
5.275
5.35
5.15
5.4
5.525
5.6
5.45
5.725
5.3
5.225
5.45
5.525
4.2
4.3
4.25
4.2
4.25
5.05
5.15
5.475
4.775
4.25
4.525
4.85
4.55
4.575
4.575
4.55
4.525
4.525
4.5
4.35
4.35
4.4
4.425
4.325
4.3
4.4
4.425
4.3
4.4
4.525
4.575
4.45
4.575
4.475
4.5
4.3
4.65
5.025
4.275
4.25
4.25
4.1
4.1
4.1
4
4.1
4.1
3.85
4.2
4.625
4.25
4.525
5
5.1
5.3
5.625
5.6
5.4
5.425
5.45
5.675
5.875
5.85
5.9
5.675
5.45
5.35
5.275
5.225
5.15
5.2
4.8
4.65
4.725
4.725
4.6
4.8
4.875
4.9
4.825
4.875
4.775
4.775
4.7
4.9
4.775
4.975
5.1
4.75
4.8
5.025
5.175
5.1
5.05
5.025
4.975
4.875
4.8
4.875
4.825
4.9
4.775
4.875
5
5.075
5.025
5
5.025
4.95
4.85
4.9
4.95
4.625
5.05
4.625
4.4
9.175
4.35
4.025
3.975
4.125
4.025
3.925
3.85
4.025
4.075
4.05
4.2
4.3
4.275
4.175
4.325
4.375
4.325
4.15
4.225
4.325
4.3
4.3
4.275
4.3
4.275
4.3
4.475
3.675
4.425
4.35
4.175
4.4
3.75
3.8
3.6
3.525
3.7
4.15
4.55
4.025
3.925
3.625
3.8
3.775
3.625
3.6
3.6
3.575
3.65
3.625
3.65
3.525
3.6
3.575
3.525
3.525
3.55
3.45
3.525
3.475
3.525
3.425
3.45
3.525
3.7
3.725
3.7
3.825
3.625
3.675
3.65
3.75
3.85
4.15
4.1
4.125
4.375
4.25
4.2
4.175
4.125
4.35
4.025
4.1
4.025
3.95
3.95
3.825
3.95
3.85
3.925
4.15
5.3
5.275
5.275
5.2
5.35
5.2
5.075
5.275
5.1
5.2
5.175
5.15
5.175
4.225
4.225
4.15
4.125
4.05
4.05
4.1
4.125
4.2
4.05
4
4.025
4
4.075
4.15
4.025
4.075
4.425
4.75
4.3
4.425
4.45
4.3
4.375
4.55
4.5
4.525
4.4
4.675
4.525
4.55
4.45
4.675
4.925
4.95
4.825
5.025
5.15
5.425
5.5
5.75
5.575
5.55
5.375
5.525
5.275
5.425
5.575
5.625
5.7
5.375
5.775
6.25
5.1
5.225
4.325
4.575
4.75
4.8
4.75
4.7
4.6
4.625
4.525
4.525
4.55
4.625
4.55
4.525
4.35
4.3
4.375
4.25
4.2
4.075
4.075
4.225
4.625
3.225
3.3
3.225
3.175
3.225
3.15
3.05
3.075
3.025
3.075
2.925
3
2.875
2.975
2.9
2.875
2.825
2.925
2.875
3
2.725
2.525
2.85
2.725
2.85
2.925
3.275
3.275
3.35
3.275
3
3.125
2.7
2.65
2.65
2.75
2.8
2.7
2.575
2.55
2.6
2.675
2.625
2.625
2.725
2.9
2.725
2.725
2.725
2.575
2.55
2.475
2.55
2.625
2.55
2.475
2.525
2.525
2.55
2.5
2.5
2.55
2.6
2.65
2.475
2.65
2.6
2.575
2.675
2.625
2.525
2.6
2.6
2.55
2.55
2.65
2.95
2.4
2.5
2.525
2.925
2.9
2.85
3
3.725
3.475
3.45
3.35
3.25
3.325
3.125
3.2
3.125
3.1
3.05
3
3.1
3.075
3.075
3.1
3.075
3
3.075
3.125
3.075
3.025
3.1
3.15
3.025
2.975
2.925
2.475
3
4.05
4.05
3.975
3.85
3.825
3.85
3.95
3.95
3.85
3.725
3.725
3.875
3.75
3.725
3.7
3.75
3.75
3.825
3.9
3.7
3.7
3.675
3.725
3.675
3.6
3.675
3.775
3.725
3.85
3.85
3.825
3.875
3.85
3.9
3.975
4.65
4.675
4.475
4.375
4.425
4.125
4.275
13.1
6.95
2.325
1.675
1.675
1.6
1.85
2.7
2.65
2.25
2.175
2.2
2.15
2.05
2.125
2.075
2.025
1.925
1.95
1.975
2
1.85
1.95
1.85
1.95
1.85
1.925
2.325
39
25.55
24.3
15.7
6.225
2.95
2.825
2.85
3.05
3.05
3.175
3.05
3.075
3
3
2.975
3.925
4.95
4.85
4.3
4.55
4.25
4.45
4.05
4.025
4
3.775
3.75
3.95
3.85
3.725
3.575
3.55
3.45
3.575
3.5
3.425
3.425
3.425
3.425
3.45
3.4
3.35
3.35
3.35
3.35
3.425
3.25
3.35
3.35
3.225
3.275
3.275
3.225
3.225
3.275
3.425
3.25
3.25
3.25
3.25
3.225
3.25
3.225
3.2
3.25
3.225
7.6
6.875
6.4
6.775
5.85
5.65
5.325
3.7
3.525
3.55
3.6
3.575
3.475
3.6
3.55
3.35
3.35
3.225
3.45
3.35
3.375
3.35
3.625
3.65
3.7
3.725
3.85
3.825
3.75
3.85
3.6
3.6
3.675
3.6
3.85
3.85
3.875
3.775
3.75
3.725
3.975
3.9
3.875
3.975
4.2
4.25
4.125
3.925
4.2
4.175
4.125
4.2
4.125
4.2
4.15
4.05
4.05
4.05
4.025
4
4.2
4.35
4.325
4.475
4.45
4.4
4.425
4.35
4.4
4.625
4.675
4.725
4.675
4.725
4.75
4.85
4.85
4.775
4.85
4.875
4.9
4.825
4.825
4.9
5
4.975
4.95
4.9
4.825
4.775
4.725
4.75
4.9
4.925
4.825
4.775
4.825
4.8
4.875
4.825
5.05
4.975
5.025
5.025
4.975
4.975
5.175
5.075
4.95
5.35
5.425
5.275
5.675
5.475
5.5
5.55
5.325
5.3
5.275
4.35
4.425
4.525
4.95
4.875
5
5.025
5.15
5.05
5.375
5.45
5.525
5.525
4.9
4.9
4.95
4.95
4.85
4.825
4.85
4.875
5
5.05
5.025
5.075
4.975
5.475
5.425
5.575
5.275
5.225
5.1
5.05
5.05
5.075
4.975
5.05
5.075
4.95
4.975
4.875
4.825
4.75
4.725
4.725
4.7
4.625
4.625
4.525
4.55
4.625
4.725
4.6
4.875
4.9
4.975
4.8
4.825
4.775
4.825
4.9
4.85
5.05
5.175
5.025
5.15
5.35
5.275
5.25
5.35
6.2
6.3
6.225
6.4
5
5.125
5.1
5.125
5.075
5.025
5.1
5.075
5.6
5.5
5.55
5.475
5.925
5.9
5.825
5.7
5.825
5.875
5.925
5.9
5.175
5.175
5.225
5.175
5.275
5.45
5.15
5.05
5.325
5.65
5.675
5.675
5.625
5.7
5.6
5.525
4.975
5.025
4.925
5.025
4.8
4.875
4.8
4.775
4.95
4.9
4.925
5.075
5.325
5.125
5.15
5.175
5.2
5.225
5.25
5.275
5.325
5.3
5.225
5.2
5.4
5.375
5.225
5.35
5.3
5.425
5.325
5.25
5.325
5.075
5.025
5.05
4.875
5.075
4.975
5.05
4.75
4.775
5.075
5
4.775
4.825
4.925
4.925
5.125
5.2
5.125
5.35
5.75
6.175
6.675
7.125
5.475
5.45
5.45
5.4
5.025
5.3
5.025
4.975
5.025
5.275
4.825
4.675
5.175
5.325
5.4
5.425
5.925
5.75
5.5
5.825
5.775
5.875
6.025
5.7
5.9
6.1
5.9
6.125
6.25
6.125
6.375
6.275
6.5
6.225
6.225
6.2
6.15
6.325
6.275
6.225
6.525
6.425
6.225
6.35
6.525
6.35
6.375
6.375
6.525
6.55
6.675
6.55
6.6
7.5
7.55
7.45
7.8
7.875
8.025
7.875
7.6
7.725
7.775
7.675
7.75
7.7
6.7
7.225
7
7.05
6.825
6.85
6.875
6.55
5.85
6.025
5.7
5.55
5.675
5.7
5.75
5.75
5.9
6
5.875
5.75
5.775
5.6
5.625
5.575
5.55
5.6
5.65
5.6
5.525
5.625
5.525
5.45
5.425
5.425
5.625
5.575
5.775
5.75
5.775
5.725
5.55
5.55
5.675
5.6
5.6
5.625
5.55
5.625
5.25
5.35
5.425
5.4
5.3
5.3
5.325
5.275
5.25
5.225
5.175
5.2
5.35
5.25
5.225
5.175
5.25
5.225
5.1
5.2
5.125
5.15
5.15
5.1
5.1
5.175
5.275
5.3
5.025
5.15
5.075
5
5.025
4.875
4.8
4.925
4.975
5
4.85
4.925
4.85
4.9
4.975
4.925
4.9
5.025
5.05
4.8
4.75
4.85
4.825
4.775
4.725
4.775
4.7
4.7
4.675
4.75
4.7
4.75
4.7
4.8
4.8
4.9
4.875
4.825
4.875
4.7
4.725
4.825
4.9
4.65
4.725
4.875
4.75
4.675
4.7
4.675
4.575
4.625
4.525
4.4
4.475
4.25
4.25
4.225
4.05
4.025
4.1
3.925
3.9
4.075
3.925
3.975
3.925
3.95
3.9
3.925
4.025
3.9
3.825
3.85
3.775
3.725
3.75
3.725
3.725
3.7
3.7
3.725
3.725
3.7
3.7
3.825
3.675
3.7
3.675
3.7
3.675
3.7
3.8
3.725
3.7
3.575
3.65
3.675
3.625
3.675
3.675
3.6
3.725
3.675
3.675
3.675
3.625
3.625
3.65
3.575
3.6
3.6
3.75
3.725
3.575
3.425
3.55
3.525
3.5
3.65
3.65
3.675
3.575
3.65
3.6
3.675
3.75
3.75
3.975
3.925
3.8
3.7
3.975
3.85
3.8
3.7
3.7
3.75
3.75
3.775
3.775
3.8
4.05
4
4
4
4.675
4.675
4.475
4.7
4.625
4.75
4.475
4.175
4.3
3.625
3.45
3.45
3.425
3.2
3.3
3.275
3.1
3.425
3.35
3.45
3.4
3.225
3.35
3.325
3.325
3.4
3.325
3.425
3.425
3.6
3.6
3.625
3.475
3.575
3.45
3.45
3.575
3.625
3.525
3.425
3.475
3.6
3.575
3.625
3.6
3.575
3.5
3.575
3.475
3.475
3.55
3.55
3.5
3.475
3.5
3.4
3.5
3.525
3.45
3.375
3.4
3.325
3.225
3.025
3
3.025
3.1
3.075
3
3.05
2.95
3.175
3.175
3.15
3.225
3.2
3.275
3.275
3.275
3.375
3.4
3.475
3.475
3.425
3.375
3.35
3.375
3.375
3.425
3.4
3.5
3.55
3.575
3.475
4.575
4.625
4.625
4.725
4.85
4.7
4.75
4.85
4.85
4.9
5
4.9
4.825
4.95
4.775
4.75
5
5.15
5.35
5.225
5.025
4.9
5.05
5.75
5.725
5.725
5.875
6.1
6.125
6.3
5.95
5.325
5.25
5.35
5.375
5.475
5.65
5.775
5.675
5.35
5.375
5.375
5.425
5.775
5.375
5.45
5.4
5.3
5.325
5.325
5.525
5.425
7.075
6.975
6.85
7
6.55
6.1
5.85
6.125
4.325
4.35
4.475
4.45
5.3
5.475
5.425
5.225
5.2
5.15
5.25
5.275
4.35
4.2
4.05
4.35
4.425
4.85
5.025
4.8
4.35
4.45
4.75
5.475
4.425
4.4
4.45
4.4
4.825
4.9
4.8
4.7
4.9
4.95
4.875
5
5.025
5.2
4.8
4.9
5.075
5.225
5.2
5.25
5.2
5.15
5.55
5.625
5.7
5.8
7.05
6.925
7.4
7.05
7.475
8.05
7.875
8.05
8.6
8.65
8.325
8.95
9.35
9.05
8.725
9.625
9.25
9.15
9.45
7.45
7.475
7.8
8.175
8.075
8.55
8.775
8.775
8.05
8
8.15
8.225
7.925
7.85
8.275
7.85
7.425
7.775
7.375
8.2
8.025
7.7
7.85
8.35
7.85
8.45
7.7
7.525
8.075
15.35
16.1
14.35
13.15
11.325
10.125
9.725
9.825
9.25
8.475
6.425
6.575
6.475
6.175
6.85
6.8
6.825
6.925
6.475
6.575
6.025
6.25
4.175
4.325
4.2
4.175
4.125
4
4.05
3.825
2.9
2.95
2.875
2.925
2.775
2.775
2.675
2.775
3.775
3.85
4.25
4.05
3.2
3.175
3.1
3.15
3.35
3.4
3.5
3.275
2.925
2.925
2.75
2.825
3.15
3.125
3.125
2.925
2.85
2.775
2.775
2.925
2.875
2.925
2.95
2.85
2.8
2.775
2.675
2.65
2.775
2.8
2.75
2.875
2.85
2.925
2.875
2.85
2.875
2.95
3.2
3.125
3.15
3.175
3.025
3.125
3
3.15
3.45
3.4
3.475
3.55
3.7
3.85
3.8
3.925
3.775
3.8
3.85
3.875
3.9
3.95
4.125
4.05
4.2
4.2
4.225
4.325
4.075
3.95
3.925
3.9
3.975
3.95
3.875
3.825
3.875
3.75
3.825
3.825
3.825
3.85
3.75
3.75
3.85
3.9
3.8
3.8
3.8
3.6
3.725
3.65
3.675
3.7
3.65
3.6
3.6
3.625
3.6
3.625
3.575
3.6
3.525
3.55
3.575
3.625
3.575
3.65
3.65
3.825
3.725
3.675
3.575
3.725
3.725
3.725
3.725
3.775
3.725
3.625
3.725
3.625
3.725
3.7
3.725
3.625
3.95
3.85
3.9
3.875
4.475
4.375
4.4
4.525
4.125
4.175
4.1
4.075
3.7
3.775
3.725
3.75
3.375
3.65
3.55
3.4
3.4
3.5
3.425
3.4
3.45
3.4
3.375
3.325
3.6
3.625
3.6
3.55
3.55
3.625
3.625
3.525
3.625
3.5
3.4
3.475
3.4
3.5
3.45
3.575
3.5
3.5
3.4
3.45
3.55
3.525
3.475
3.65
3.6
3.6
3.725
3.75
3.675
3.775
3.85
3.775
3.725
3.6
3.625
3.675
3.675
3.65
3.7
3.675
3.75
3.8
3.7
3.7
3.725
3.675
3.65
3.725
3.7
3.675
3.675
3.625
3.725
3.95
3.9
3.65
3.975
3.975
4.125
3.95
4.075
4.1
4.125
4.225
4.55
4.5
4.5
4.575
4.4
4.075
4.15
3.825
3.95
3.75
3.7
3.55
3.475
3.55
3.55
3.275
3.4
3.475
3.35
3.4
3.675
3.65
3.65
3.65
4.125
4
4.3
4.075
3.975
3.875
3.8
3.8
3.775
3.725
3.9
3.875
3.725
3.725
3.775
3.675
3.9
3.7
3.65
3.6
4.075
4.175
4.325
4.075
4.05
4.075
4.05
4.075
4.05
4.25
4.2
4.025
4.275
4.1
4.1
4.15
4.175
4.15
4.275
4.175
4.2
4.225
4.3
4.275
4.225
4.15
4.125
4.175
4.125
4.05
3.975
4.1
4.1
4.125
4.075
4.175
4.225
4.225
4.225
4.175
4.2
4.175
4.1
4.125
4.1
4.075
4.175
4.125
4.075
3.975
4
4
3.95
4.05
4.075
3.975
4
4
4.025
3.975
4.025
3.975
3.925
3.925
3.875
3.85
3.85
3.725
3.8
3.85
3.875
3.95
4.05
3.875
3.9
3.875
4.175
4.075
4.225
4.15
4.075
4.2
4.275
4.4
4.375
4.35
4.275
4.3
4.3
4.325
4.25
4.45
4.25
4.1
4.125
3.9
3.8
3.775
3.575
3.475
3.475
3.5
3.35
3.225
3.275
3.175
3.1
2.95
3
3.025
3.025
3.025
2.875
3.025
3
3
3.25
3.15
3.325
3.45
3.475
3.55
4.1
4.025
4.225
4.2
4.35
4.175
4.55
4.6
4.675
4.85
4.75
4.875
4.925
5.05
5.3
5.15
4.925
5.3
5.375
5.275
5
4.925
5.3
5.225
5.125
4.875
4.95
4.675
4.875
5
5
4.75
4.75
4.75
4.525
4.475
4.25
4.275
4.275
4.175
4.15
4.3
4.15
4.1
4.15
3.95
4.025
4.05
4.2
4.05
4.025
4.025
3.9
4.05
3.975
3.9
3.95
3.925
3.95
3.975
3.95
4.1
3.975
4.05
4.225
4.275
4.375
4.5
4.65
4.575
4.8
4.85
5.1
5
4.75
5.025
4.925
5.075
5.05
4.85
4.85
4.95
4.925
5.05
5.225
4.9
5.2
5.375
5.65
5.125
4.975
4.875
4.925
5.025
4.875
4.825
4.925
4.875
4.75
4.95
3.675
3.6
3.575
5.15
5.2
5.275
5.575
4.825
4.8
4.45
4.475
3.8
3.725
3.675
3.825
5.075
5.05
4.875
5.025
4.55
4.45
4.45
4.325
4.2
4.275
4.25
4.3
4.325
4.2
4.05
3.95
4.375
4.325
4.35
4.4
4.375
4.375
4.325
4.575
4.9
4.575
4.35
4.45
4.5
4.525
4.575
4.675
4.5
4.5
4.45
4.55
4.65
4.4
4.425
4.55
4.475
4.475
4.425
4.5
4.45
4.45
4.375
4.325
4.3
4.175
4.325
4.325
4.25
4.5
4.5
5.05
5.575
5.125
5.15
5
4.925
4.8
4.175
4.15
4.05
3.975
4.25
4.325
4.3
4.225
4.65
4.775
4.65
4.7
4.6
4.525
4.65
4.75
4.625
4.75
4.7
4.475
4.15
4.25
4.175
4.075
4.25
4.15
4.175
4.15
4.25
4.5
4.55
4.4
4.55
4.6
4.625
4.475
4.425
4.775
4.65
4.725
4.7
4.65
4.725
4.95
4.95
4.825
5.3
5.025
4.825
4.975
5
5.2
5.425
6.5
6.25
6.175
6.075
6.15
6.175
6.125
6.05
6.6
6.825
6.85
6.9
6.8
6.85
6.95
6.9
6.85
6.925
7
7.1
6.95
6.875
6.875
7.05
7.05
6.875
5.8
6.35
6.375
6.55
7.275
7.325
7.25
7.25
7.3
7.15
6.925
6.85
7.1
7.175
6.9
6.45
6.5
6.6
6.5
6.6
6.775
6.6
6.875
6.825
7.075
6.9
6.8
6.575
6.425
6.55
6.825
6.775
6.725
6.775
6.85
6.675
6.825
6.85
6.25
6.075
6.225
6.275
6.175
6.125
6.075
6.15
6
6.075
5.9
6.15
5.9
5.875
5.825
6.025
5.375
5.6
5.525
5.475
5.625
5.7
5.6
5.55
5.6
5.525
5.45
5.6
5.875
6.2
5.825
5.875
5.9
5.8
5.95
5.65
5.875
6
5.95
6
5.825
5.975
5.825
5.825
6.275
5.975
6.2
6.2
5.975
6.05
6.1
6.05
5.975
5.9
5.725
5.775
5.95
5.925
6.05
6.025
6.3
6.275
6.35
6.275
5.875
5.95
5.9
5.95
5.975
6.1
6.15
6.25
6.025
6.05
5.975
6
5.975
5.975
5.95
6.125
6.025
6.025
6.1
6.1
6.45
6.125
6
6.075
5.9
5.9
6.075
5.95
6.175
6
6.075
6.1
6.15
6.1
5.975
5.975
6.075
6.2
6.275
6.175
6.1
6.45
6.25
6.225
6.45
6.4
6.175
6.15
6.3
5.9
5.775
5.75
5.925
5.85
5.95
6.05
6.125
6.175
5.95
5.925
6.05
6.025
6.15
6.5
6.075
6.325
6.275
6.425
6.25
5.95
6.075
6.15
6.225
6.5
6.325
6.025
5.875
6.225
6.1
6.1
5.875
5.9
5.725
5.7
5.65
5.625
5.7
5.75
5.5
5.575
5.6
5.625
5.525
5.55
5.625
5.6
5.575
5.75
5.75
5.6
5.625
5.75
5.725
5.65
5.75
5.85
5.575
5.675
5.85
5.6
5.525
5.55
5.725
5.7
5.5
5.85
5.65
5.825
5.6
5.8
5.575
5.525
5.7
5.725
5.6
5.625
5.725
5.75
5.85
5.8
6.125
5.8
5.725
5.775
5.75
5.875
5.825
5.9
6.075
5.825
5.825
5.75
5.725
5.7
5.625
5.65
5.475
5.35
5.45
5.425
5.45
5.35
5.35
5.375
5.3
5.2
5.2
5.35
5.4
5.525
5.675
5.5
5.2
5.4
5.6
5.55
5.25
5.275
5.45
5.425
5.3
5.475
5.35
5.25
5.35
5.35
5.275
5.3
5.45
5.525
5.4
6.275
5.475
5.525
5.45
5.475
5.4
5.175
5.2
5.25
5.35
5.25
5.375
5.45
5.425
5.275
5.25
5.225
5.275
5.175
5.2
5.325
5.4
5.3
5.325
5.35
5.35
5.35
5.25
5.25
5.25
5.325
5.275
5.275
5.25
5.125
5.25
5.225
5.225
5.175
5.15
5.225
5.2
5.2
5.175
5.225
5.275
5.25
5.225
5.325
5.3
5.35
5.225
5.25
5.275
5.25
5.2
5.3
5.15
5.25
5.35
5.225
5.225
5.225
5.225
5.3
5.225
5.275
5.275
5.3
5.15
5.15
5.225
5.225
5.15
5.15
5.15
5.175
4.975
5.125
5.25
5.1
5.025
5.25
5.125
5.1
5.15
5.15
5.125
5.225
5.125
5.275
5.275
5.275
5.25
5.075
5.2
5.2
5.125
5.25
5.175
5.2
5.175
5.25
5.25
5.125
5.25
5.175
5.225
5.25
5.275
5.4
5.225
5.25
5.225
5.25
5.075
5.15
5.225
5.175
5.25
5.175
5.15
5.1
5.1
5.1
5.2
5.1
5.1
5.2
4.975
5.2
5.1
5.1
5.075
5.15
5.2
5.15
5.075
5.05
5.125
5.125
5.025
5
4.975
5
4.975
5.025
4.95
4.925
4.95
5.025
4.925
4.9
4.875
4.975
4.975
5
4.95
5.125
5.05
5.125
5.35
5.45
5.15
5.275
5.15
5.075
5.075
5
5.125
5.025
4.975
5
4.9
4.95
4.975
4.825
4.9
4.7
4.775
5
4.875
4.9
4.95
5.1
4.95
5.075
5.025
4.925
4.8
4.925
4.9
4.975
4.9
5.175
5.1
4.975
4.8
4.925
4.925
4.925
4.9
4.95
4.925
4.975
4.975
5.025
4.95
4.925
5.025
5.05
5
4.925
4.8
4.9
4.95
4.875
4.775
4.825
4.875
4.825
4.95
4.8
4.9
4.9
4.925
4.9
4.9
4.825
4.825
4.975
4.825
4.8
4.8
4.9
4.9
4.975
4.825
4.875
4.825
4.85
4.775
4.875
4.95
4.95
4.975
4.925
5.05
5.125
5.125
5.05
5.125
5.125
5.175
5.025
5.275
5.075
5.15
5.225
5.2
5.125
4.9
4.975
4.975
5
4.85
5
4.95
5.025
5.125
5.85
6.4
6.45
6.15
6
6.15
6.425
6.575
6.675
6.75
6.6
6.625
6.575
6.7
6.55
6.475
6.4
6.275
6.1
4.925
5.25
5.45
5.525
5.675
4.45
4.825
4.8
4.55
5.9
5.525
5.325
5.275
5.35
6.325
6.275
5.5
5.15
6.2
6.275
5.975
6
4.975
4.975
5.125
5.2
5.075
5.05
4.95
5.125
8.375
7.975
8.675
9.275
7.05
7.15
7.075
6.9
5.025
5
5.1
5
4.925
4.925
4.9
4.875
5.475
5.225
5.175
5.15
5.125
5.2
5.075
5.3
5.15
5.05
4.9
4.85
5.45
5.475
5.425
5.475
5.1
5.2
5.075
5.075
4.725
4.925
5.05
4.8
4.825
4.8
4.95
4.725
4.875
4.7
4.7
4.75
4.725
4.7
4.825
4.8
4.925
5.025
4.95
4.875
4.675
4.725
4.7
4.8
4.8
4.7
4.7
4.6
4.625
4.575
4.55
4.575
4.75
4.775
4.625
4.6
4.925
4.65
4.625
4.65
4.575
4.575
4.6
4.575
4.325
4.225
4.3
4.45
4.1
4.1
3.975
3.875
3.825
4.025
3.9
3.975
4.225
4.275
3.975
4.1
3.975
3.875
3.875
3.8
3.925
4.2
4.05
4.075
4.075
4.175
4.15
4.125
3.95
3.875
3.875
3.925
3.875
3.9
3.9
3.975
3.9
3.925
3.9
3.975
4.05
3.875
4
3.975
3.95
3.85
3.925
3.975
3.975
4
3.925
3.925
3.875
4.05
4.075
4
3.95
4.075
3.925
3.975
4.025
4
4.05
4.05
3.95
3.95
3.95
3.8
3.925
4
3.925
3.975
3.9
3.9
4.025
3.925
3.875
3.9
3.9
3.85
3.825
3.8
3.65
3.675
3.7
3.75
3.675
3.675
3.75
3.8
3.75
3.725
3.825
3.725
3.75
3.7
3.625
3.825
3.9
3.9
3.825
3.8
3.85
3.825
3.775
3.925
4.05
4.05
4.075
3.525
3.75
3.6
3.525
3.675
3.75
3.575
3.675
3.775
3.7
3.7
3.7
3.65
3.675
3.7
3.65
3.775
3.85
3.75
3.8
3.725
3.875
3.825
3.75
3.75
3.875
3.85
3.85
3.775
3.825
3.875
3.875
3.9
3.85
3.825
3.75
3.7
3.75
3.725
3.85
3.875
3.825
3.75
3.875
3.8
3.825
3.825
3.75
3.65
3.6
3.65
3.55
3.55
3.575
3.575
3.5
3.45
3.5
3.4
3.45
3.3
3.325
3.4
3.475
3.55
3.625
3.625
3.65
3.675
3.8
3.775
3.75
3.625
3.575
3.6
3.575
3.675
3.725
3.625
3.65
3.525
3.55
3.575
3.65
3.65
3.625
3.55
3.55
3.625
3.65
3.625
3.55
3.95
3.75
3.7
3.775
3.7
3.675
3.7
3.7
3.6
3.65
3.625
3.6
3.775
3.75
3.725
3.75
3.875
3.875
3.8
3.95
3.75
3.75
3.775
3.8
3.85
3.825
3.775
3.825
3.85
3.9
3.825
3.8
3.775
3.8
3.825
3.825
3.85
3.825
3.925
3.875
3.925
3.775
3.85
3.875
3.925
3.925
3.85
3.775
3.875
3.85
3.9
3.9
3.975
3.875
3.875
3.925
3.85
3.925
3.925
3.8
3.875
3.9
3.75
3.725
3.825
3.85
3.775
3.725
3.825
3.8
3.7
3.775
3.825
3.8
3.9
3.925
3.85
3.8
3.825
4.05
4.125
3.975
4.075
4
4
4.125
4.025
4.125
4.3
4.3
4.15
3.95
3.875
3.875
3.875
3.875
3.95
4.25
4.3
4.35
4.2
4.225
4.25
4.2
4.25
4.2
4.275
4.4
4.35
4.4
4.4
4.4
4.4
4.425
4.45
4.475
4.325
4.425
4.45
4.4
4.4
4.35
4.45
4.5
4.5
4.45
4.45
4.475
4.55
4.525
4.6
4.675
4.825
4.825
4.85
4.775
4.7
4.675
4.775
4.75
4.775
4.7
4.675
4.65
4.625
4.65
4.725
4.725
4.6
4.6
4.725
4.525
4.55
4.55
4.575
4.525
4.525
4.625
4.425
4.475
4.525
4.625
4.525
4.5
4.55
4.775
4.85
4.825
4.825
4.8
4.8
4.95
4.975
4.875
4.925
4.925
5
5
5.05
5.225
5.025
4.975
5.45
5.325
5.625
5.575
4.475
4.5
4.475
4.875
4.975
4.975
5.675
5.65
5.6
5.55
5.1
4.95
4.9
4.975
4.7
4.8
4.725
4.65
4.525
4.55
4.625
4.95
4.95
5
5.025
5.025
5.1
5.125
5.225
5.075
5
5.15
5.25
4.65
4.125
4.25
4.8
4.8
4.75
4.75
4.675
4.725
4.875
4.975
4.875
4.95
5.125
5.1
5.25
5.075
5.175
5.075
5.1
5.375
5.175
5.175
5.05
5.025
5.175
5.05
4.95
4.975
5.325
5.25
5.125
5.225
5.125
4.65
4.675
4.575
4.875
4.875
5.05
4.85
4.875
4.9
5
4.75
4.75
4.875
4.675
5
4.95
4.825
4.625
4.75
4.75
4.6
4.875
4.85
4.9
5.075
5.275
5.225
4.5
4.525
4.55
4.75
4.975
4.825
4.9
4.95
5.075
4.95
5.025
4.95
4.975
4.275
4.275
4.375
4.3
4.275
4.325
4.3
4.525
4.675
4.625
4.45
4.375
4.65
4.7
4.575
4.575
4.65
4.65
4.625
4.55
4.75
4.8
4.775
4.6
4.85
4.775
4.7
4.825
4.7
4.85
4.575
4.775
4.7
4.6
4.625
4.5
4.65
5.05
4.825
4.825
4.825
5.15
5.2
5.075
5.05
4.625
4.5
4.675
4.65
4.9
4.95
4.7
4.675
4.5
4.525
4.45
4.5
4.6
4.475
4.675
4.525
4.8
4.675
4.675
4.575
4.95
4.75
4.8
4.675
4.925
5.05
4.9
5.35
4.95
4.925
4.75
4.9
4.65
4.625
4.6
4.55
4.725
4.725
5.175
4.6
4.65
4.675
4.775
4.625
4.975
4.65
4.9
4.775
4.6
4.625
4.65
4.75
4.75
4.7
4.825
4.725
4.625
4.65
4.75
4.75
4.725
4.675
4.65
4.875
5.1
4.675
4.625
4.775
4.725
4.8
4.6
4.8
4.825
4.75
4.625
4.675
4.725
4.7
4.75
4.825
4.65
4.6
4.7
4.7
4.75
4.75
4.575
4.575
4.7
4.625
4.65
4.675
4.85
4.9
4.775
4.825
4.725
4.65
4.65
4.825
4.5
4.45
4.425
4.375
4.625
4.6
4.55
4.575
4.55
4.575
4.65
4.6
4.45
4.45
4.45
4.45
3.95
3.95
3.975
4.025
4.2
4.2
4.1
4.125
4.375
4.4
4.425
4.45
4.4
4.275
4.175
4.45
4.45
4.5
4.475
4.475
4.425
4.475
4.45
4.375
4.575
4.6
4.5
4.625
4.5
4.625
4.625
4.325
4.525
4.375
4.425
4.4
4.275
4.3
4.375
4.425
4.425
4.475
4.425
4.425
4.475
4.4
4.3
4.425
4.425
4.4
4.4
4.525
4.475
4.375
4.525
4.4
4.45
4.375
4.4
4.375
4.325
4.475
4.425
4.4
4.075
4.075
4.025
3.6
3.65
3.55
3.65
3.4
3.35
3.5
3.475
3.35
3.2
3.275
3.35
3.05
3.125
3.1
3.075
3.175
3.075
3.1
3.05
3.05
3.175
3.225
3.15
3.225
3.15
3.225
3.225
3.3
3.25
3.275
3.325
3.375
3.525
3.375
3.45
3.45
3.575
3.4
3.475
3.6
3.35
3.575
3.425
3.825
3.725
3.65
3.575
3.675
3.6
3.375
3.475
3.55
3.5
3.525
3.525
3.65
3.675
3.525
3.525
3.475
3.475
3.475
3.35
3.55
3.5
3.525
3.475
3.575
3.525
3.5
3.65
3.625
3.7
3.775
3.7
3.75
3.775
3.725
3.7
2.6
2.65
2.6
2.7
2.7
2.7
2.575
2.6
2.75
2.775
2.8
2.725
2.95
2.925
3.025
2.975
3.025
2.975
3.025
3.1
3.1
3.025
3.05
2.975
3.075
3.175
3.05
3.025
3.025
3.1
3.125
3.225
3.1
3.1
3.15
3.15
3.025
3.075
3.05
3.05
3.175
3.1
3.125
3.05
2.975
3
2.95
2.875
2.9
2.85
2.875
2.95
2.925
3
3.05
3.125
3.15
3.125
3.225
3.175
3.1
3.3
3.375
3.325
3.475
3.525
3.4
3.975
4.025
3.975
4.275
4.375
4.2
4.075
4.025
4.1
3.75
3.775
3.6
4
3.925
3.775
4.325
4.375
4.475
5
4.825
4.7
4.825
4.775
4.625
4.6
4.475
4.75
4.675
4.5
4.425
4.425
4.45
4.425
4.425
4.4
4.275
4.175
4.25
4.275
4.45
4.35
4.425
4.4
4.2
4.25
4.325
4.45
4.375
4.275
4.4
4.225
4.025
3.975
3.925
4.125
3.95
4.15
4.125
4.65
4.45
4.4
4.525
4.35
4.4
4.25
4.3
3.85
3.85
3.95
3.925
4.125
4.25
4.175
4.1
4.35
4.275
4.2
4.25
4.6
4.575
4.6
4.575
6.675
6.925
6.825
6.825
6.925
6.825
6.55
6.15
6.175
5.975
6.05
6.775
6.65
6.65
6.675
6.85
6.8
6.9
7.375
7.4
7.275
7.3
7.15
7.225
7.325
7.225
7.325
7.45
7.15
7.3
7.2
7.25
7.2
7.275
7.4
7.45
7.375
7.55
7.5
7.275
7.225
7.375
7.4
7.55
7.525
7.425
7.375
7.425
7.575
7.575
7.525
7.475
7.425
7.375
7.475
7.275
7.425
7.4
7.575
7.075
6.825
7.075
6.95
7.225
7.275
7.15
7.35
7.225
6.875
7.375
7.05
6.475
6.375
6.275
6.15
5
4.875
4.95
4.825
4.7
4.75
3.925
3.9
3.975
3.525
3.45
3.475
3.575
3.55
3.75
3.8
3.4
3.55
3.45
3.275
3.15
3.225
3.3
3.375
3.15
3.275
3.3
3.275
3.3
3.1
3.225
3.275
3.325
3.25
3.375
3.225
3.225
3.2
3.175
3.175
3
3.1
3.225
3.425
3.35
3.225
3.225
3.35
3.35
3.175
3.075
3.05
3.075
2.8
2.95
2.9
2.925
3.025
3
3.125
3.05
3
3.475
3.65
3.675
3.5
3
3.075
3.275
3.1
3.175
3.425
3.275
3.4
3.4
3.275
3.225
3.075
3.15
3.125
3.05
3
2.95
3.025
2.9
3.05
2.95
2.9
3
3
2.975
3
3.225
3.275
3.275
3.175
3.375
3.425
3.525
3.525
3.75
3.8
3.775
3.9
4.2
4.375
4.2
4.25
4.525
4.4
4.45
4.625
4.525
4.525
4.575
4.375
4.475
4.325
4.6
4.85
4.8
4.75
4.775
4.775
4.925
4.825
4.9
5.025
5.175
5.125
5.1
5.075
5.375
5.15
5.15
5.175
5.15
4.85
4.975
5
4.925
4.75
4.725
4.775
4.9
4.8
4.7
4.65
4.85
4.675
4.625
4.625
4.575
4.5
4.525
4.5
4.475
4.6
4.475
4.575
4.575
4.5
4.475
4.525
4.175
4.2
4.15
4.275
4.325
4.3
4.25
4.25
4.25
4.275
4.325
4.225
4.175
4.25
4.275
4.25
4.25
4.575
4.525
4.425
4.625
4.725
4.75
4.775
4.7
4.55
4.425
4.65
4
4.35
4.4
3.95
3.5
3.425
3.6
3.625
3.675
3.6
3.5
3.575
4.425
4.175
4.45
4.4
4.275
4.325
4.025
4.225
3.775
3.95
4.075
3.9
3.8
3.85
3.725
3.75
3.625
3.725
3.625
3.475
3.925
3.85
3.95
3.825
3.8
3.9
3.9
3.7
3.725
3.8
3.8
3.85
4.1
4.175
4.3
4.175
3.95
3.8
3.775
3.825
4
4.05
4.075
3.95
3.925
4
4.125
4.025
4.15
4.3
4.4
4.25
4.2
4.475
4.575
4.9
5
4.825
5.1
5.275
5.225
5.175
5.175
4.9
5.275
5.075
5.1
5.15
4.925
4
4.1
4.125
3.975
4.725
4.725
4.6
4.55
4.725
4.8
4.675
4.675
3.725
3.7
3.7
3.825
5.025
4.8
4.95
5
4.675
4.625
4.7
4.575
4.75
4.7
4.625
4.775
4.775
4.7
4.8
4.5
4.25
4.325
4.4
4.525
4.65
4.625
4.725
4.75
4.75
4.825
4.775
4.8
4.75
4.85
4.925
4.775
4.225
4.3
4.375
4.35
5.05
5
4.75
4.8
4.825
4.925
4.925
4.975
5.25
5.35
5.3
5.35
5.65
5.475
5.425
5.45
5.5
5.45
5.4
5.35
5.325
5.275
5.475
5.5
5.55
5.55
5.525
5.4
5.325
5.35
5.25
5
5.225
5.2
4.925
4.75
4.85
4.625
4.575
4.675
4.85
4.7
5.15
5.1
5.15
4.925
5.05
5.15
5.15
4.625
4.65
4.675
4.55
4.425
4.55
4.55
4.6
4.8
4.75
4.7
4.9
5.225
5.075
5.3
5.325
5.4
5.7
5.7
5.75
6.4
6.3
6.05
5.8
5.575
5.7
5.65
5.5
6.4
6.175
6.125
6.1
6.425
6.75
6.775
6.8
6.825
6.75
6.825
6.7
6.55
6.65
6.525
6.6
6.55
6.55
6.425
6.375
6.775
6.7
6.525
6.575
6.625
6.425
6.4
6.425
6.475
6
5.95
6.1
6.1
5.7
5.725
5.725
5.875
6.05
5.85
5.95
6.025
6.075
5.875
5.8
5.85
5.75
5.8
5.825
6
6.125
5.825
5.7
5.8
5.9
5.975
5.9
6.025
6.4
6.175
6.15
6.25
6.2
6.075
5.95
5.875
5.675
5.675
5.8
5.825
5.675
5.75
5.8
5.9
5.975
6.075
5.975
5.975
6.05
6.05
5.975
6.075
6.15
6.25
6.25
6.25
6.425
6.45
6.575
6.4
6.4
6.3
6.425
6.275
6.275
6.325
6.375
6.325
6.3
6.125
6.25
6.375
6.325
6.3
6.225
6.175
6.175
6.15
6.075
6.275
6.3
6.225
6.225
6.45
6.375
6.325
6.4
6.075
6.25
6.2
6.175
6.225
5.85
5.975
6.05
6
5.95
6.075
6
5.95
6.225
6.15
6.075
6.175
6.075
6.25
6.25
6.275
6.175
6.075
6.325
6.25
6.35
5.8
5.875
5.8
5.925
5.925
5.8
6
6.125
5.9
5.8
5.775
5.925
5.8
5.775
5.85
5.725
5.95
5.85
5.875
5.825
5.775
5.975
5.825
5.7
5.8
5.8
5.875
5.85
6.425
5.925
5.975
6.025
6.05
5.975
5.825
5.85
5.95
6.175
6.25
6.2
6
6.15
6.1
6.225
6.125
6.125
6.075
6.125
6.2
6
6.05
6.175
6.125
6.075
6.05
6.15
6.125
6.15
6.15
5.925
5.975
5.975
6.05
6.075
6.025
6.025
6.075
6.175
6.025
6.05
6.05
6.1
6.025
6.15
6.05
6.2
6.125
6
6.05
5.95
5.9
6.975
6.175
5.925
5.925
5.925
5.9
5.9
5.9
5.925
5.95
5.975
5.775
5.675
5.875
6.225
5.8
6.225
5.975
6.15
6
5.9
5.825
5.975
5.95
5.9
6.05
5.875
5.825
5.8
5.925
6
6.05
6.025
6.125
6.05
6.05
5.95
6.025
6
5.925
6.025
6.275
6.15
6.15
6.175
5.875
5.75
5.85
5.95
5.975
6.175
6.1
6
6.05
6.05
6.275
6.45
6.125
5.9
5.875
5.95
6.3
6.075
5.95
6.05
5.875
5.975
5.825
5.95
5.85
5.9
5.9
5.875
5.775
5.95
5.925
5.7
5.625
5.75
5.7
5.925
5.925
6.075
5.775
5.625
5.75
5.8
5.8
5.75
5.775
5.9
5.85
5.7
5.75
5.75
5.75
5.625
5.6
5.725
5.6
5.525
5.45
5.475
5.675
5.65
5.6
5.75
5.625
5.6
5.55
5.675
5.675
5.65
5.65
5.7
5.75
5.8
5.7
5.65
5.675
5.525
5.65
5.625
5.65
5.55
5.675
5.675
5.625
5.6
5.675
5.675
5.6
5.625
5.725
5.725
5.65
5.625
5.575
5.775
5.725
5.7
5.6
5.675
5.6
5.725
5.7
5.7
5.7
5.725
5.75
5.725
5.675
5.675
5.7
5.75
5.5
5.5
5.6
5.675
5.5
5.5
5.525
5.525
5.55
5.6
5.55
5.675
5.525
5.575
5.625
5.6
5.675
5.6
5.675
5.65
5.7
5.65
5.625
5.6
5.525
5.625
5.525
5.55
5.525
5.625
5.65
5.7
5.6
5.675
5.575
5.6
5.7
5.625
5.6
5.625
5.5
5.65
5.525
5.475
5.6
5.475
5.525
5.55
5.45
5.5
5.575
5.55
5.575
5.35
5.425
5.45
5.5
5.45
5.425
5.45
5.4
5.6
5.7
5.5
5.4
5.325
5.325
5.35
5.4
5.375
5.4
5.3
5.35
5.475
5.45
5.4
5.475
5.45
5.375
5.525
5.45
5.425
5.45
5.475
5.525
5.525
5.525
5.475
5.525
5.45
5.575
5.75
5.725
5.45
5.5
5.425
5.45
5.4
5.425
5.425
5.525
5.675
5.6
5.475
5.5
5.6
5.7
5.725
5.525
5.45
5.5
5.5
5.875
5.5
5.525
5.575
5.675
5.7
5.625
5.65
5.65
5.8
5.725
5.8
5.625
5.65
5.575
5.575
5.625
5.525
5.425
5.375
5.375
5.45
5.4
5.475
5.55
5.65
5.55
5.475
5.525
5.525
5.375
5.475
5.45
5.5
5.4
5.475
5.4
5.375
5.475
5.325
5.325
5.225
5.275
5.225
5.125
5.35
5.4
5.425
5.4
5.425
5.325
5.25
5.3
5.25
5.425
5.45
5.45
5.425
5.425
5.4
5.275
5.25
5.35
5.275
5.275
5.15
5.225
5.275
5.4
5.4
5.325
5.3
5.325
5.275
5.45
5.35
5.275
5.325
5.275
5.25
5.4
5.325
5.2
5.375
5.35
5.4
5.35
5.475
5.325
5.45
5.325
5.2
5.275
5.325
5.25
5.275
5.225
5.225
5.275
5.375
5.225
5.425
5.45
5.35
5.3
5.325
5.325
5.325
5.325
5.3
5.375
5.35
5.325
5.35
5.35
5.375
5.275
5.3
5.275
5.3
5.3
5.275
5.175
5.225
5.425
5.325
5.375
5.325
5.375
5.25
5.25
5.35
5.275
5.25
5.15
5.275
5.175
5.3
5.275
5.3
5.225
5.125
5.225
5.25
5.275
5.375
5.275
5.275
5.3
5.275
5.225
5.275
5.275
5.3
5.225
5.225
5.2
5.25
5.2
5.275
5.2
5.2
5.225
5.275
5.375
5.35
5.2
5.3
5.3
5.275
5.2
5.225
5.175
5.15
5.3
5.225
5.225
5.325
5.225
5.25
5.275
5.275
5.4
5.275
5.3
5.25
5.175
5.225
5.25
5.375
5.2
5.175
5.2
5.225
5.15
5.2
5.275
5.25
5.225
5.4
5.325
5.225
5.15
5.3
5.35
5.325
5.325
5.325
5.325
5.25
5.25
5.25
5.2
5.35
5.3
5.35
5.325
5.3
5.2
5.3
5.325
5.25
5.275
5.3
5.125
5.25
5.25
5.275
5.2
5.15
5.2
5.2
5.175
5.25
5.1
5.225
5.175
5.25
5.225
5.275
5.2
5.2
5.275
5.25
5.175
5.125
5.25
5.175
5.15
5.2
5.125
5.125
5.1
5.175
5.15
5.15
5.2
5.075
5.05
5.15
5.175
5.175
5.25
5.325
5.15
5.2
5.15
5.225
5.2
5.325
6.075
5.675
5.625
5.5
5.1
5.15
5.1
5.1
4.7
4.8
4.75
4.8
4.75
4.8
4.875
4.85
4.8
4.65
4.65
4.675
4.425
4.475
4.525
4.675
4.65
4.8
4.9
4.7
5.3
5.525
5.575
5.55
6.4
7
7.4
7.275
9.675
10.55
9.9
9.55
8.475
7.6
7.475
7.15
6.1
6.075
5.725
5.675
5.7
5.55
5.575
5.85
6.175
6.15
6.2
5.65
5.775
6.275
7.35
7.75
8.225
8.075
7.825
7.625
7.4
5.425
5.45
5.425
5.45
4.675
4.625
4.725
4.7
5.325
5.275
5.575
5.575
5.825
5.875
5.975
6.175
5.675
5.45
5.55
5.475
5.7
5.725
5.6
5.525
4.35
4.275
4.2
4.175
4.725
4.775
4.875
4.875
5.2
5.35
5.475
5.7
4.475
4.475
4.725
4.725
4.175
4.15
4.8
4.825
4.6
4.75
4.55
4.625
4.675
4.475
4.4
4.5
4.525
4.45
4.925
4.8
4.65
4.7
4.15
4.1
4.025
4
3.975
4.025
4.15
4.05
4.025
4.15
4.075
3.875
3.875
3.875
4.275
4
4.025
4.075
4.05
3.975
4.075
3.9
3.85
4.025
3.925
3.9
3.7
3.7
3.825
4.3
4.125
4.175
4.075
4.075
4.1
4.2
4.35
4.325
4.125
4.075
4.075
3.95
3.925
3.9
3.85
3.675
3.625
3.6
3.825
4.025
4
4
4
4.05
4.075
4.2
4.1
4.075
4.125
4.05
4.2
3.7
3.725
3.825
3.9
3.75
3.8
3.8
3.8
3.7
3.6
3.6
3.6
4.75
4
3.65
3.625
3.55
3.55
3.55
3.525
3.55
3.6
3.475
3.525
3.575
3.45
3.525
3.5
3.575
3.575
3.55
3.5
3.55
3.625
3.5
3.475
3.5
3.5
3.425
3.45
3.5
3.55
3.55
3.125
3.15
3.125
3.35
3.3
3.325
3.375
3.425
3.425
3.45
3.35
3.225
3.275
3.325
3.4
2.85
2.9
2.925
2.9
3.2
3.275
3.225
3.2
2.8
2.9
2.95
2.875
2.85
2.925
2.925
2.975
3
2.975
3.05
2.925
2.875
3
2.9
2.875
2.975
2.925
2.925
3.025
2.95
2.9
2.85
2.825
2.975
2.875
2.875
2.85
2.9
2.875
2.925
2.875
2.95
2.975
3
2.975
2.975
2.9
2.9
2.875
2.925
3.025
3.025
3.05
3.125
3.475
3.475
3.45
3.425
3.65
3.7
3.675
3.6
3.525
3.525
3.575
3.55
3.625
3.675
3.65
3.65
3.6
3.625
3.575
3.775
3.825
4.05
3.85
3.725
3.825
3.775
3.9
3.85
3.75
3.625
3.725
3.625
3.725
3.7
3.675
3.75
3.7
3.75
3.7
3.825
3.85
3.825
3.85
3.6
3.625
3.675
3.7
3.675
3.625
3.55
3.55
3.6
3.525
3.575
3.55
3.575
3.55
3.55
3.55
3.525
3.525
3.5
3.5
3.625
3.525
3.55
3.55
3.6
3.525
3.575
3.475
3.65
3.525
3.525
3.525
3.525
3.525
3.5
3.425
3.45
3.45
3.625
3.7
3.625
3.575
3.5
3.45
3.575
3.55
3.55
3.525
3.575
3.525
3.65
3.675
3.625
3.65
4.05
3.95
3.85
3.825
3.9
4
3.95
4
3.95
3.925
4.125
4.125
4.175
4.35
4.275
4.35
4.15
4.3
4.125
4.25
4.35
4.35
4.35
4.475
4.45
4.4
4.225
4.275
4.425
4.475
4.775
4.8
4.7
4.8
4.675
4.85
4.9
5.025
4.9
4.925
5.05
5.025
5.05
5.15
5.15
5.1
5.025
5.075
4.95
5
5.075
5.125
5.15
5.25
5.125
5.15
5.05
5.125
5.05
5.1
5.125
5.125
5.225
5.1
5.1
5
5
4.9
5.125
5.125
5.15
5.15
5.2
5.025
4.975
5.125
4.975
4.475
4.7
4.625
4.55
4.45
4.425
4.35
4.375
4.65
4.725
4.725
4.6
4.575
4.675
4.7
4.675
4.925
4.95
4.85
4.775
4.8
4.9
4.875
4.9
5
4.95
4.775
4.9
4.875
5.1
5.15
5.075
5.025
4.975
5.075
5.25
5.15
4.1
4.125
4.075
4.175
4.875
5.025
4.9
5.025
4.975
4.925
5.025
5.05
4.925
4.95
4.975
5
5.325
5.275
5.325
5.2
5.35
5.3
5.25
5.375
5.275
5.2
5.4
5.375
5.175
5.275
5.225
5.15
5.1
5.2
5.15
5.15
5.125
5.2
5.125
5.45
5.425
5.25
5.225
5.25
5.125
5.125
5.275
5.15
5.125
3.7
3.725
3.7
3.65
3.45
3.575
3.725
3.575
4.425
4.4
4.4
4.4
4.775
4.75
5.075
4.85
4.775
4.925
4.975
4.8
5.225
5.275
5.275
5.2
5.175
4.9
4.55
4.625
4.55
4.6
4.625
4.55
4.725
5.025
5
5.15
4.875
4.925
4.85
4.825
5.075
5.175
5.15
5.1
4.625
4.85
4.95
4.975
4.4
4.5
4.45
4.475
4.775
4.875
4.875
4.825
4.8
4.925
4.95
4.925
4.65
4.825
4.675
4.65
4.775
4.825
4.875
5.4
5.1
5.075
5.075
5.075
5.35
5.3
5.15
5.125
5.2
5.275
5.15
5.025
5.275
5.1
5.175
5.125
5.05
5.25
5.35
5.15
4.45
4.4
4.4
4.425
4.675
4.7
4.775
4.725
4.75
4.825
4.975
5
5.025
4.925
5.075
5.075
5.075
5.125
5.15
5.175
5.15
5.05
5.1
5.35
5.1
5.1
5.1
4.975
5.15
5.3
5.225
5.4
5.35
5.35
5.225
5.3
5.475
5.425
5.3
5.2
5.175
5.15
5.2
5.2
5.125
5.25
5.15
5.1
5.15
5.325
5.4
5.275
5.2
5.4
5.6
5.8
5.45
5.15
5.075
5.1
5.1
5.15
5.175
5.075
5.15
5.05
5.075
5.225
5.025
4.9
5
5.025
5.1
3.925
3.9
3.775
3.8
3.775
4.05
4.05
4
4.075
4.05
4.275
4.2
3.975
3.85
3.825
3.7
4.3
4.3
4.375
4.025
3.825
4.1
4.25
4.5
3.75
3.825
3.9
3.85
3.65
3.675
3.675
3.7
3.6
3.625
3.725
3.7
3.725
3.8
3.775
3.8
3.875
3.875
3.95
3.9
3.75
3.85
3.825
3.85
3.775
3.825
3.8
3.85
3.925
3.95
3.925
3.875
4.025
3.875
3.925
3.95
3.875
3.85
3.75
3.85
3.825
3.85
3.925
3.8
3.775
3.775
3.675
3.775
3.675
3.7
3.725
3.775
3.825
3.8
3.8
3.9
3.725
3.825
3.95
3.9
3.825
3.75
3.65
3.7
3.65
3.7
3.725
3.675
3.65
3.725
3.5
3.625
3.675
3.7
3.65
3.6
3.575
3.5
3.375
3.425
3.5
3.375
3.325
3.275
3.275
3.25
3.275
3.35
3.35
3.325
3.375
3.275
3.3
3.35
3.525
3.425
3.425
3.275
3.65
3.675
3.75
3.85
3.625
3.6
3.525
3.575
3.2
3.275
3.25
3.2
3.45
3.65
3.225
3.325
3.55
3.875
3.4
3.375
3.425
3.325
3.15
2.675
2.925
2.9
2.8
2.625
2.6
2.6
2.625
2.75
2.7
2.7
2.675
2.725
2.725
2.65
2.625
2.55
2.675
2.575
2.625
2.5
2.675
2.725
2.8
2.55
2.5
2.6
2.7
2.625
3.775
3.875
3.75
3.8
3.825
3.725
3.85
3.9
3.675
3.75
3.6
3.65
3.525
3.525
3.675
3.6
3.675
3.525
3.575
3.525
3.6
3.6
3.525
3.5
3.575
3.475
3.525
3.475
3.475
3.475
3.55
3.6
3.55
3.475
3.475
3.525
3.525
3.525
3.475
3.425
3.5
3.5
3.5
3.475
3.425
3.5
3.475
3.525
3.525
3.475
3.475
3.4
3.425
3.525
3.475
3.4
3.475
3.575
3.55
3.5
3.35
3.375
3.45
3.675
3.625
3.675
3.7
3.7
3.275
3.325
3.325
3.325
3.225
3.3
3.6
3.525
3.475
3.4
3.325
3.325
3.325
3.375
3.425
3.325
3.475
3.525
3.575
3.6
3.375
3.425
3.475
3.4
3.475
3.45
3.425
3.4
3.375
3.375
3.475
3.5
3.425
3.55
3.525
3.475
3.525
3.525
3.425
3.475
3.425
3.5
3.4
3.4
3.4
3.35
3.45
3.475
3.4
3.4
3.45
3.575
3.6
3.6
3.65
3.475
3.55
3.55
3.6
3.575
3.575
3.85
3.75
3.775
3.85
3.85
4
3.95
3.825
3.85
3.875
4.175
4.2
4.3
4.25
4.4
3.825
3.975
3.925
3.8
3.85
4.175
4.15
4.125
4.15
4.125
4.5
4.45
4.325
4.275
4.225
4.125
4.125
4.15
4.15
4.225
4.3
4.3
4.225
4.275
4.225
4.175
3.95
3.925
3.9
3.875
3.775
3.775
3.775
3.725
3.925
3.725
3.675
3.675
3.6
3.55
3.775
3.65
3.675
3.8
3.725
3.725
3.775
3.6
3.65
3.6
3.925
3.925
3.95
3.85
3.9
3.8
3.925
3.95
3.775
3.875
3.825
3.6
3.65
3.725
3.55
3.675
3.75
3.75
3.75
3.8
3.925
4.025
3.875
3.7
4.75
4.725
4.975
5.325
4.35
4.4
4.6
4.525
4.175
4
4.1
4.15
4.125
4
4.125
4.05
4.1
4.075
4.175
4.2
4.2
4.25
4.175
4.4
4.35
4.425
4.475
4.4
4.325
4.375
4.45
4.35
4.525
4.5
4.65
4
4.1
3.95
3.875
3.925
3.775
3.9
3.9
3.8
3.75
3.525
3.5
3.575
3.425
3.575
3.275
3.3
3.275
3.25
3.425
3.525
3.275
3.325
3.225
3.225
3.15
3.1
3.15
3.2
3.225
3.175
3.175
3.15
3.2
3.175
3.2
3.225
3.325
3.3
3.25
3.275
3.475
3.475
3.275
3.325
3.3
3.325
3.15
3.2
3.35
3.425
3.3
3.25
3.45
3.45
3.325
3.425
3.45
3.475
3.625
3.6
3.6
4.25
4.325
4.5
4.4
4.625
4.625
4.6
4.625
5.175
5.275
5.225
4.6
4.8
4.65
4.575
4.4
4.475
4.4
4.4
4.525
4.5
4.575
4.5
4.625
4.525
4.6
4.55
4.75
4.6
4.575
4.55
4.575
4.6
4.65
4.675
4.775
4.725
4.725
4.625
4.625
4.7
4.675
4.65
4.65
4.7
4.575
4.55
4.6
4.8
4.75
4.8
4.95
5
4.85
4.925
5.025
5.35
5.375
5.3
5.225
5.125
5.25
5.125
4.975
5.1
5.025
4.8
4.925
4.85
4.9
4.55
4.5
4.575
4.55
4.2
4.15
4.25
4.2
4.175
4.275
4.3
4.2
4.225
4.35
4.15
4.225
4.25
4.25
4.25
4.25
4.25
4.25
4.3
4.25
4.325
4.225
4.25
4.3
4.25
4.325
4.325
4.225
4.35
4.425
4.3
4.35
4.325
4.325
4.35
4.35
4.275
4.3
4.25
4.25
4.225
4.15
4.275
4.325
4.225
4.2
4.2
4.25
4.125
4.325
4.125
4.225
4.275
4.275
4.325
4.55
4.55
4.6
4.575
4.55
4.625
4.7
4.725
4.725
4.45
4.425
4.5
4.525
4.575
4.45
4.4
4.45
4.575
4.725
4.675
4.675
4.7
4.525
4.5
4.7
4.875
4.6
4.55
4.575
4.5
4.375
4.35
5.325
5.275
4.9
4.875
4.675
4.825
4.4
4.25
4.525
3.775
4.05
3.95
3.75
3.625
3.55
3.475
3.35
3.525
3.775
3.825
3.85
3.75
3.675
3.375
3.3
3.475
3.2
3.05
3.075
3.15
3.35
3.5
3.55
3.75
3.6
3.675
3.5
3.45
3.525
3.575
3.65
3.625
3.45
3.4
3.475
3.725
3.65
3.65
3.625
3.975
4.325
4.375
3.925
3.55
3.95
4
3.725
3.95
4
3.925
3.85
4.275
4.25
4.325
4.375
4.325
4.375
4.35
4.4
4.425
4.375
4.375
4.35
4.325
4.35
4.375
4.3
4.425
4.35
4.325
4.425
4.375
4.35
4.225
4.325
4.3
4.275
4.2
4.575
4.625
4.525
4.3
4.475
4.525
4.725
4.7
4.6
5.2
5.5
5.325
5.075
5.525
4.425
4.175
4.2
4.475
4.625
4.15
4.175
4.275
4.3
4.475
4.925
4.875
4.7
4.625
4.55
5.5
5.525
5.325
5.5
5.625
4.9
4.7
4.525
4.725
4.7
4.375
4.4
4.325
4.35
4.425
4.7
4.675
4.575
4.575
4.525
4.475
4.65
4.625
4.65
4.825
4.675
4.7
4.75
4.6
4.675
4.775
4.825
4.75
4.775
4.775
4.525
4.625
4.525
4.7
4.7
4.95
4.8
4.625
4.7
4.725
4.625
6.05
5.875
5.875
5.85
5.775

