4.65
5.5
5.375
5.875
5.2
1.95
5.225
5.7
3.825
4.35
4.35
5.675
3.775
3.25
3.275
5.15
3.85
3.675
3.575
5.525

5.875
6.0
3.7
4.75
6.075
4.675
5.275
4.975
5.425
2.725
3.25
6.275
5.625
4.375
6.225
3.325
5.9
3.875
4.2
4.55

3.175
2.725
5.2
4.9
3.575
3.75
4.825
3.475
2.7
3.975
3.625
3.5
5.725
4.1
3.9
6.75
5.6
3.65
5.775
4.8

3.875
7.1
1.9
3.8
2.25
2.875
5.05
5.925
4.175
5.3
5.1
4.0
5.575
3.675
2.975
4.675
3.675
4.175
5.925
4.3

3.875
4.125
3.725
4.625
1.925
3.475
6.25
5.55
4.75
4.65
5.525
3.475
5.95
5.975
6.15
4.275
4.7
3.6
4.175
5.275

2.725
3.025
4.675
3.4
4.8
4.05
3.225
5.325
4.825
5.8
6.475
5.1
3.275
5.675
3.8
2.125
3.8
3.6
5.15
3.35
4.44471722492794
1.24311615323264
2.925
5.425
5.025
3.775
3.65
3.875
4.15
3.5
3.425
4.375
4.8
3.55
4.9
4.175
3.525
5.25
4.9
6.15

3.8
3.95
4.8
2.45
4.5
3.875
5.15
3.85
5.4
3.8
3.975
4.75
4.8
4.85
4.825
5.225
4.525
2.875
6.325
3.5

3.175
4.8
4.4
5.0
4.375
5.65
3.75
3.85
2.925
3.35
4.4
3.725
4.25
3.1
5.0
4.65
5.65
4.875
3.875
3.6

5.175
5.1
4.675
3.475
3.775
4.7
4.525
4.25
4.525
5.575
3.825
6.075
7.1
3.425
4.05
4.725
3.35
6.3
3.5
3.325

3.8
5.65
5.025
3.7
3.0
6.125
4.75
3.825
4.05
5.4
5.325
3.0
3.85
4.225
1.85
5.775
5.275
2.9
3.6
3.85

4.475
2.6
3.1
5.7
3.475
4.95
3.675
4.625
4.5
6.425
3.25
3.5
4.675
3.8
3.25
4.225
3.6
2.975
4.15
3.875

5.15
3.825
4.55
3.475
3.8
5.2
3.25
3.775
5.0
3.925
4.425
3.875
3.75
4.825
4.65
4.625
3.9
2.925
4.85
5.0

4.1
3.525
3.75
3.7
3.975
4.725
5.25
4.225
3.075
3.525
3.275
4.975
2.95
4.2
4.825
5.45
4.05
6.775
5.5
5.75

3.35
5.25
4.225
6.075
4.625
4.775
3.325
3.725
4.725
3.375
5.275
5.275
6.15
4.95
4.85
4.725
3.675
4.0
3.65
3.8

5.125
4.125
4.1
3.6
5.775
3.875
4.725
5.65
4.625
2.85
4.725
3.65
6.325
5.175
5.025
4.2
4.8
3.575
4.9
5.55

3.575
6.375
3.625
5.725
6.425
5.6
3.225
6.4
3.65
5.35
4.775
5.275
2.825
4.4
3.5
5.725
2.55
4.85
5.0
5.9

4.45
4.075
5.65
4.125
5.7
4.675
3.55
3.425
1.95
5.525
4.7
3.775
7.0
3.95
3.675
3.425
5.45
4.325
3.675
3.45

6.85
2.175
4.4
5.275
2.975
3.725
4.3
4.7
3.8
3.65
5.525
4.25
3.85
3.125
5.225
6.375
1.85
4.75
3.0
4.275

2.625
3.6
2.4
4.575
2.675
2.9
5.325
3.225
3.6
4.25
4.8
1.95
5.225
3.125
3.625
4.725
4.675
5.525
3.9
6.25

